8.100000000000000000e+01
1.170000000000000000e+02
8.900000000000000000e+01
1.130000000000000000e+02
8.100000000000000000e+01
1.180000000000000000e+02
8.900000000000000000e+01
1.130000000000000000e+02
1.900000000000000000e+02
1.370000000000000000e+02
1.920000000000000000e+02
1.500000000000000000e+02
6.700000000000000000e+01
1.090000000000000000e+02
7.900000000000000000e+01
1.090000000000000000e+02
8.000000000000000000e+01
1.190000000000000000e+02
8.900000000000000000e+01
1.140000000000000000e+02
6.700000000000000000e+01
1.090000000000000000e+02
7.900000000000000000e+01
1.090000000000000000e+02
8.000000000000000000e+01
1.180000000000000000e+02
8.900000000000000000e+01
1.140000000000000000e+02
